1.745449629462546071e+01
-1.912658070469094298e+02
2.400858901688944798e+02
-1.102904824261681966e+02
2.688278188786916090e+01
-4.073856572355006200e+00
4.175711801925817701e-01
-3.045818340884471134e-02
1.634034746488180218e-03
-6.591724714078017072e-05
2.028537534785111589e-06
-4.801909239978146986e-08
8.767406678983276242e-10
-1.230929039236915523e-11
1.315942367469549149e-13
-1.051190828510772090e-15
6.072075154696671321e-18
-2.394606872271598716e-20
5.766526114820814136e-23
-6.394781464844003863e-26
